{
    "run_avg": 21.131450980392156, 
    "runs": [
        {
            "stddev_frames": 0.21640612824906283, 
            "avg": 20.588284313725488, 
            "stddev": 10.93954848593069, 
            "avg_frames": 67.424387499999995
        }, 
        {
            "stddev_frames": 0.17854272476518315, 
            "avg": 21.193382352941171, 
            "stddev": 10.830836009178968, 
            "avg_frames": 67.760835443037976
        }, 
        {
            "stddev_frames": 0.19936811077439251, 
            "avg": 21.207941176470595, 
            "stddev": 10.362722060652967, 
            "avg_frames": 67.708262500000004
        }, 
        {
            "stddev_frames": 0.12893385840713067, 
            "avg": 22.137647058823532, 
            "stddev": 10.292928009691286, 
            "avg_frames": 67.603687500000007
        }, 
        {
            "stddev_frames": 0.18472549648880662, 
            "avg": 20.530000000000005, 
            "stddev": 10.6924333241857, 
            "avg_frames": 67.673582278481007
        }
    ], 
    "sample_cutoff": 25, 
    "run_var_frames": 0.21640612824906283, 
    "run_avg_frames": 67.634151044303806, 
    "run_stddev": 0.57946356276215716, 
    "git_rev": "2f61e6d", 
    "override_clean_check": true, 
    "run_stddev_frames": 0.11664050670948883, 
    "enc": true, 
    "gpu_sample_cutoff": 1, 
    "run_var": 10.93954848593069, 
    "sample_cutoff_last": 15
}
