{
    "run_avg": 49.729454388984514, 
    "runs": [
        {
            "stddev_frames": 1.8028184565129957, 
            "avg": 49.732530120481933, 
            "stddev": 9.1902870208824918, 
            "avg_frames": 63.156135135135152
        }, 
        {
            "stddev_frames": 1.9138995858047161, 
            "avg": 49.302650602409635, 
            "stddev": 9.258796544704639, 
            "avg_frames": 62.761675675675669
        }, 
        {
            "stddev_frames": 1.9342818037764669, 
            "avg": 49.555662650602422, 
            "stddev": 9.1891055443646152, 
            "avg_frames": 63.316108108108118
        }, 
        {
            "stddev_frames": 1.5487941844732915, 
            "avg": 49.713214285714287, 
            "stddev": 8.5949282055665552, 
            "avg_frames": 63.31908108108108
        }, 
        {
            "stddev_frames": 1.7618362988372831, 
            "avg": 50.343214285714296, 
            "stddev": 8.9749121445115367, 
            "avg_frames": 63.444864864864869
        }
    ], 
    "sample_cutoff": 15, 
    "run_var_frames": 1.9342818037764669, 
    "run_avg_frames": 63.199572972972973, 
    "run_stddev": 0.34331893407639186, 
    "git_rev": "2f61e6d", 
    "override_clean_check": true, 
    "run_stddev_frames": 0.23734853131576758, 
    "enc": true, 
    "gpu_sample_cutoff": 1, 
    "run_var": 9.258796544704639, 
    "sample_cutoff_last": 0
}
