{
    "run_avg": 46.228237288135588, 
    "runs": [
        {
            "stddev_frames": 0.24867903904995678, 
            "avg": 45.241694915254243, 
            "stddev": 23.216928741289401, 
            "avg_frames": 65.474090909090918
        }, 
        {
            "stddev_frames": 0.35039057978204802, 
            "avg": 48.414915254237286, 
            "stddev": 18.785284212886424, 
            "avg_frames": 65.353039999999979
        }, 
        {
            "stddev_frames": 0.58041808801915473, 
            "avg": 44.701186440677972, 
            "stddev": 21.159418633257463, 
            "avg_frames": 65.019130434782625
        }, 
        {
            "stddev_frames": 0.24887213102314232, 
            "avg": 47.749322033898295, 
            "stddev": 19.851453933381695, 
            "avg_frames": 65.581319999999991
        }, 
        {
            "stddev_frames": 0.35996971082069268, 
            "avg": 45.034067796610167, 
            "stddev": 20.476973683863562, 
            "avg_frames": 65.501124999999988
        }
    ], 
    "sample_cutoff": 25, 
    "run_var_frames": 0.58041808801915473, 
    "run_avg_frames": 65.385741268774694, 
    "run_stddev": 1.5379499504163405, 
    "git_rev": "2f61e6d", 
    "override_clean_check": true, 
    "run_stddev_frames": 0.19740465093964263, 
    "enc": true, 
    "gpu_sample_cutoff": 1, 
    "run_var": 23.216928741289401, 
    "sample_cutoff_last": 15
}
